  6118x                    291   4889 010249.09 +314815.6  5.50  40       And
  6118x                    291   4889 010249.09 +314815.6  5.50     sig   Psc
 10516x                    496   8068 014339.62 +504119.6  4.01  54       And
 10516x                    496   8068 014339.62 +504119.6  4.01     phi   Per
 14134*                         10805 021904.45 +570807.8  6.57  61       And
199828                         103640 205954.84 -130305.9  6.61   8       Aqr
200004                         103728 210108.33 -133148.0  6.55   9       Aqr
199944                         103681 210032.65 -052838.3  6.53  10       Aqr
202466                         105019 211617.78 -091252.8  6.45  14       Aqr
207203x                   8328 107575 214713.96 +024110.1  5.63  27       Aqr
207203x                   8328 107575 214713.96 +024110.1  5.63  11       Peg
210845                         109720 221326.37 -115533.9  6.93  40       Aqr
212741                         110786 222641.65 -111341.4  6.98  54       Aqr
214028                         111539 223548.82 -172737.1  6.39  61       Aqr
214572                         111843 223916.06 -100140.0  6.93  64       Aqr
215097                         112161 224301.22 -100609.8  7.04  65       Aqr
216182                         112813 225046.32 -071842.8  7.01  72       Aqr
216567                         113085 225407.09 -121125.1  6.86  75       Aqr
216956x                   8728 113368 225738.83 -293718.6  1.17  79       Aqr
216956x                   8728 113368 225738.83 -293718.6  1.17     alf   PsA
218081                         114006 230518.51 -074516.8  7.09  84       Aqr
218173                         114054 230552.52 -075612.1  6.71  85       Aqr
218331                         114164 230711.69 -074140.1  7.39  87       Aqr
171443x                   6973  91117 183512.44 -081435.9  3.85   1       Aql
171443x                   6973  91117 183512.44 -081435.9  3.85     alf   Sct
172748x                   7020  91726 184216.42 -090309.2  4.70   2       Aql
172748x                   7020  91726 184216.42 -090309.2  4.70     del   Sct
173009x                   7032  91845 184331.24 -081630.9  4.88   3       Aql
173009x                   7032  91845 184331.24 -081630.9  4.88     eps   Sct
173764x                   7063  92175 184710.48 -044452.2  4.22   6       Aql
173764x                   7063  92175 184710.48 -044452.2  4.22     bet   Sct
174532                          92501 185105.44 -031539.6  6.89   7       Aql
175751x                   7149  93026 185703.63 -055046.4  4.83   9       Aql
175751x                   7149  93026 185703.63 -055046.4  4.83     eta   Sct
 10476x                    493   7981 014229.95 +201612.5  5.24   2       Ari
 10476x                    493   7981 014229.95 +201612.5  5.24 107       Psc
 14305                          10810 021908.73 +194116.8  6.82  23       Ari
 18654                          14021 030031.51 +180018.1  6.74  50       Ari
 35497x                   1791  25428 052617.50 +283628.3  1.65  23 gam   Aur
 35497x                   1791  25428 052617.50 +283628.3  1.65     bet   Tau
 38604                          27458 054851.82 +393201.2  6.80  28       Aur
 31189                          22994 045649.49 +554927.0  6.65   6       Cam
 36770                          26426 053727.05 +562916.2  7.46  20       Cam
 37136                          26700 054029.01 +615656.0  6.86  21       Cam
 37735*                         27027 054358.60 +545153.5  6.95  25       Cam
 39283x                   2029  27949 055450.79 +554224.9  4.96  32       Cam
 39283x                   2029  27949 055450.79 +554224.9  4.96     ksi   Aur
 39724*                         28214 055740.57 +553924.1  7.16  33       Cam
 40062*                   2079  28385 055945.83 +551915.9  6.42  34       Cam
 41783                          29315 061053.27 +591009.6  7.14  38       Cam
 41782                          29348 061113.63 +602712.7  6.48  39       Cam
 47005                          31944 064031.39 +615520.9  6.58  41       Cam
 55944*                         35398 071836.25 +585507.5  7.60  44       Cam
 56099*                         35457 071912.11 +590732.7  7.62  45       Cam
 56243*                         35517 071952.84 +591510.6  6.75  46       Cam
 60844*                         37346 073958.61 +593347.9  7.23  48       Cam
 61931*                   2969  37701 074404.19 +502601.9  5.31  50       Cam
 64347*                   3077  38800 075626.72 +563016.2  6.71  52       Cam
 69548x                   3254  40875 082026.00 +574435.7  5.89  58       Cam
 69548x                   3254  40875 082026.00 +574435.7  5.89  30       Lyn
 66216x                   3149  39424 080331.10 +274739.9  4.94   6       Cnc
 66216x                   3149  39424 080331.10 +274739.9  4.94     chi   Gem
 66347                          39447 080350.50 +220414.9  6.84   7       Cnc
 67402                          39888 080849.61 +272849.7  6.88  11       Cnc
 74200                          42791 084308.36 +180902.0  8.04  44       Cnc
 77230                          44336 090143.67 +170451.9  7.39  68       Cnc
 77892                          44637 090545.54 +172324.5  8.09  71       Cnc
 78479                          44918 090902.34 +172811.0  7.19  78       Cnc
112989x                   4924  63462 130016.49 +304706.1  4.88  13       CVn
112989x                   4924  63462 130016.49 +304706.1  4.88  37       Com
114427                          64244 131001.32 +384325.5  7.16  16       CVn
114674                          64355 131128.72 +404733.0  7.17  18       CVn
 44762x                   2296  30277 062206.85 -332610.6  3.85   3       CMa
 44762x                   2296  30277 062206.85 -332610.6  3.85     del   Col
199947                         103703 210051.78 -173151.1  6.07  21       Cap
201301                         104429 210915.41 -201135.4  6.73  26       Cap
205306                         106568 213454.98 -201509.2  6.74  38       Cap
207061                         107527 214642.07 -114151.1  6.99  50       Cap
 12441                           9802 020602.65 +743501.4  7.49  51       Cas
  2629                           2343 002955.25 -010703.2  7.46  11       Cet
  7268                           5666 011247.74 -064700.0  6.59  36       Cet
  7812                           6048 011742.35 -073934.4  6.80  41       Cet
 10380x                    489   7884 014125.91 +052915.4  4.45  51       Cet
 10380x                    489   7884 014125.91 +052915.4  4.45     nu.   Psc
 13228                          10033 020909.19 -021954.7  7.13  62       Cet
 17093x                    812  12832 024457.51 +122645.5  5.17  88       Cet
 17093x                    812  12832 024457.51 +122645.5  5.17  38       Ari
 17206x                    818  12843 024505.98 -183421.5  4.47  90       Cet
 17206x                    818  12843 024505.98 -183421.5  4.47     tau01 Eri
111892                          62819 125222.84 +170630.5  6.93  33       Com
 91880x                   4156  51905 103616.68 -162039.6  6.01   1       Crt
 91880x                   4156  51905 103616.68 -162039.6  6.01     phi02 Hya
 92214x                   4171  52085 103835.01 -165235.9  4.91   2       Crt
 92214x                   4171  52085 103835.01 -165235.9  4.91     phi03 Hya
 93397x                   4214  52737 104652.06 -171748.6  5.44   3       Crt
 93397x                   4214  52737 104652.06 -171748.6  5.44     b01   Hya
 93813x                   4232  52943 104937.43 -161138.9  3.11   4       Crt
 93813x                   4232  52943 104937.43 -161138.9  3.11     nu.   Hya
 94046x                         53037 105106.02 -181956.0  6.56   5       Crt
 94046x                         53037 105106.02 -181956.0  6.56     b02   Hya
 94388x                   4251  53252 105329.48 -200817.3  5.23   6       Crt
 94388x                   4251  53252 105329.48 -200817.3  5.23     b03   Hya
 95698*                   4302  53963 110224.41 -264952.3  6.21   8       Crt
 96202x                   4314  54204 110520.03 -271736.9  4.92   9       Crt
 96202x                   4314  54204 110520.03 -271736.9  4.92     chi01 Hya
 96819*                   4334  54477 110844.05 -280450.2  5.43  10       Crt
100393*                   4449  56332 113254.15 -310514.0  5.13  18       Crt
100407x                   4450  56343 113300.26 -315127.1  3.54  19       Crt
100407x                   4450  56343 113300.26 -315127.1  3.54     ksi   Hya
100623*                   4458  56452 113429.95 -325000.0  5.96  20       Crt
100893*                   4469  56620 113634.92 -333411.9  5.71  22       Crt
100953*                   4473  56657 113701.22 -325916.8  6.32  23       Crt
101431x                   4494  56922 114012.82 -344440.8  4.70  25       Crt
101431x                   4494  56922 114012.82 -344440.8  4.70     omi   Hya
101666*                   4503  57047 114143.95 -322957.6  5.20  26       Crt
103192x                   4552  57936 115254.56 -335429.3  4.29  28       Crt
103192x                   4552  57936 115254.56 -335429.3  4.29     bet   Hya
103596*                   4565  58158 115540.13 -282837.3  5.93  29       Crt
182807*                   7386  95492 192525.87 +245451.5  6.19   3       Cyg
194666                         100565 202332.08 +621616.0  8.60  72       Dra
208509*                        107995 215246.86 +734208.0  6.64  79       Dra
210873*                   8473 109434 221015.32 +720640.7  6.36  80       Dra
 20010x                    963  14879 031204.28 -285920.8  3.80  12       Eri
 20010x                    963  14879 031204.28 -285920.8  3.80     alf   For
 24371                          18122 035230.85 -050315.2  6.74  29       Eri
 44974                          30588 062542.73 +213842.2  6.53  14       Gem
 46516                          31368 063439.31 +192544.6  7.07  22       Gem
 60081                          36739 073324.64 +153820.9  6.64  67       Gem
 64092                          38495 075301.01 +222004.3  7.05  84       Gem
143553*                   5963  78442 160051.16 +042537.8  5.82   3       Her
146169                          79608 161442.25 +075129.7  6.59  12       Her
146452                          79704 161559.88 +112530.6  7.26  15       Her
146604                          79724 161616.73 +230721.9  6.57  17       Her
146915                          79846 161751.54 +233626.0  7.20  18       Her
148616                          80648 162757.71 +324158.1  6.87  26       Her
149805                          81354 163651.65 +070625.9  7.29  33       Her
150525                          81717 164130.20 +045218.8  6.96  38       Her
151237                          82000 164505.24 +282128.3  7.14  46       Her
155104                          83876 170833.54 +242911.8  6.84  62       Her
156681x                   6433  84671 171836.99 +105153.0  5.03  66       Her
156681x                   6433  84671 171836.99 +105153.0  5.03     e     Oph
 91369x                         51614 103241.17 -165730.7  7.62  43       Hya
 91369x                         51614 103241.17 -165730.7  7.62     phi01 Hya
129433x                   5484  71974 144313.57 -245951.8  5.70  53       Hya
129433x                   5484  71974 144313.57 -245951.8  5.70   4       Lib
 83469                          47382 093912.81 +252202.4  7.22  12       Leo
 85259                          48298 095049.28 +115032.7  6.86  21       Leo
 86359                          48881 095811.73 +151316.9  7.45  26       Leo
 88233                          49850 101042.99 +154216.3  7.95  33       Leo
 92196                          52120 103854.50 +160738.9  6.61  50       Leo
 94738                          53460 105610.54 +002558.6  6.66  57       Leo
 96855                          54515 110913.70 -011959.7  6.82  66       Leo
 99305                          55769 112539.47 +031804.5  6.73  82       Leo
 73192*                   3409  42365 083819.00 +324807.3  5.96   1       LMi
 73427*                         42472 083931.87 +323056.4  6.71   2       LMi
 73508*                         42503 083956.37 +324338.5  6.70   3       LMi
 73596*                   3423  42538 084018.31 +315631.1  6.21   4       LMi
 75332                    3499  43410 085032.27 +331706.9  6.22   5       LMi
 80956*                   3723  46058 092331.85 +251058.2  6.41   6       LMi
 85373                          48428 095221.67 +375452.3  6.71  17       LMi
 89572*                         50687 102103.67 +415057.8  6.77  25       LMi
 89892                          50857 102305.33 +351303.5  7.10  26       LMi
 92371                          52240 104021.18 +273131.0  7.11  39       LMi
 94218                          53195 105248.87 +275154.5  7.48  45       LMi
 94671*                         53439 105556.13 +180910.6  7.25  49       LMi
 96738x                   4332  54487 110849.08 +243930.4  5.70  53       LMi
 96738x                   4332  54487 110849.08 +243930.4  5.70  67       Leo
128756                          71652 143921.99 -250142.8  7.18   3       Lib
130694x                   5526  72571 145017.47 -275736.8  4.42   6       Lib
130694x                   5526  72571 145017.47 -275736.8  4.42  58       Hya
131027                          72702 145151.31 -182119.2  6.27  10       Lib
131992*                         73189 145731.94 -252630.4  6.94  14       Lib
144069x                   5977  78727 160421.63 -112224.8  4.16  51       Lib
144069x                   5977  78727 160421.63 -112224.8  4.16     ksi   Sco
 43618                          29439 061211.20 -653153.5  6.85   9       Lyn
 46635                          31763 063836.38 +612840.0  6.96  10       Lyn
 80608*                         45974 092232.22 +493241.4  6.94  39       Lyn
 42116*                         29118 060825.39 -110846.5  6.79   4       Mon
 55533                          34904 071318.39 -001534.3  6.68  23       Mon
 71155x                   3314  41307 082539.67 -035422.9  3.91  30       Mon
 71155x                   3314  41307 082539.67 -035422.9  3.91     C     Hya
 74395x                   3459  42835 084340.38 -071401.4  4.63  31       Mon
 74395x                   3459  42835 084340.38 -071401.4  4.63     F     Hya
149121x                   6158  81007 163235.68 +053116.4  5.63  11       Oph
149121x                   6158  81007 163235.68 +053116.4  5.63  28       Her
150937                          82007 164508.68 -231102.3  6.98  15       Oph
151217x                   6228  82073 164549.89 +083457.3  5.15  17       Oph
151217x                   6228  82073 164549.89 +083457.3  5.15  43       Her
152534                          82758 165450.82 -233044.2  6.76  22       Oph
154021                          83508 170400.82 -254152.6  6.66  28       Oph
154132                          83566 170443.53 -253842.5  6.60  31       Oph
154228                    6341  83478 170339.31 +133619.5  5.91  33       Oph
154278                    6342  83504 170358.03 +133403.9  6.06  34       Oph
156252x                         84605 171739.53 -263744.3  6.81  38       Oph
156252x                         84605 171739.53 -263744.3  6.81  31       Sco
157968*                   6496  85397 172702.12 -123044.4  6.20  47       Oph
158527                          85703 173049.61 -235029.7  7.39  50       Oph
159466                          85979 173421.99 +130939.7  6.52  54       Oph
159610                          86041 173502.13 +130815.9  7.27  56       Oph
206067x                   8277 106944 213933.28 +021437.5  5.10   6       Peg
206067x                   8277 106944 213933.28 +021437.5  5.10  25       Aqr
223792                         117735 235240.21 +214433.4  6.68  83       Peg
221147                         115945 232927.00 -014728.2  6.35  11       Psc
221146                         115951 232930.32 -010209.0  6.88  12       Psc
223755                    9035 117710 235223.42 +214016.0  6.13  23       Psc
  1243                           1340 001645.64 +135500.5  7.46  37       Psc
  1352                           1427 001749.85 +161951.9  7.21  39       Psc
  2035                           1948 002438.15 +141855.9  6.48  43       Psc
  2714                           2415 003047.17 +160215.4  6.83  49       Psc
  6077                           4832 010206.84 +075625.6  7.55  70       Psc
  8442                           6527 012350.82 +174906.4  6.59  92       Psc
  9024                           6915 012903.11 +071739.2  6.54  96       Psc
 10113                           7709 013915.21 +163731.9  6.74 103       Psc
199951x                   8039 103738 210117.46 -321528.0  4.67   1       PsA
199951x                   8039 103738 210117.46 -321528.0  4.67     gam   Mic
202627x                   8135 105140 211756.25 -321020.9  4.71   4       PsA
202627x                   8135 105140 211756.25 -321020.9  4.71     eps   Mic
208851                         108571 215934.73 -273749.7  7.23  11       PsA
215452                         112362 224532.36 -251413.0  6.52  20       PsA
 66141x                   3145  39311 080215.95 +022003.5  4.39  13       Pup
 66141x                   3145  39311 080215.95 +022003.5  4.39     G     CMi
166464x                   6801  89153 181143.33 -234204.2  4.96   1       Sgr
160042*                         86352 173844.87 -215445.4  6.19   2       Sgr
164031                          88142 180011.53 -241703.1  6.64   5       Sgr
165921                          88943 180917.70 -235918.2  7.32  11       Sgr
166767                          89276 181302.49 -230702.2  7.09  12       Sgr
170457                          90713 183029.16 -231502.3  6.99  23       Sgr
174596                          92602 185208.35 -215517.1  6.58  31       Sgr
190390                    7671  98910 200505.42 -113557.8  6.38  64       Sgr
154418*                   6350  83684 170611.81 -213351.8  6.29  28       Sco
155685*                         84314 171414.25 -265903.3  6.64  29       Sco
156026*                         84478 171613.68 -263236.3  6.33  30       Sco
156252x                         84605 171739.53 -263744.3  6.81  31       Sco
156252x                         84605 171739.53 -263744.3  6.81  38       Oph
156992*                         84947 172141.58 -245421.6  6.36  32       Sco
157588*                   6474  85242 172506.23 -241437.4  6.17  33       Sco
141040                          77249 154624.00 +153136.1  6.70  29       Ser
145647x                   6035  79332 161128.74 +163956.4  6.09  48       Ser
145647x                   6035  79332 161128.74 +163956.4  6.09     q     Her
148112x                   6117  80463 162524.93 +140200.3  4.57  51       Ser
148112x                   6117  80463 162524.93 +140200.3  4.57     ome   Her
 83240x                   3827  47205 093712.71 +065008.8  5.00   1       Sex
 83240x                   3827  47205 093712.71 +065008.8  5.00  10       Leo
 84882                          48087 094812.71 -071444.5  7.04   3       Sex
 85294                          48286 095041.08 -072255.5  7.11   5       Sex
 86080*                   3926  48734 095626.03 +085559.2  5.85  10       Sex
 86369*                   3938  48876 095807.62 +081850.6  6.05  11       Sex
 88048                          49739 100914.88 +061015.3  6.60  16       Sex
 90043                          50887 102328.33 -005407.8  6.45  24       Sex
 91256                          51592 103218.50 +043843.0  7.09  32       Sex
 93431*                         52763 104719.18 +062046.7  7.13  38       Sex
 93704                          52884 104857.92 -090559.9  7.07  39       Sex
 33121                          23949 050850.43 +195135.6  6.51 107       Tau
 37940                          26925 054253.68 +185849.4  6.66 127       Tau
 38219                          27106 054453.24 +160510.0  6.99 128       Tau
 40545                          28455 060028.29 +225359.0  7.04 140       Tau
 10407                           7948 014205.93 +293021.8  7.53   1       Tri
 17471*                    830  13121 024845.87 +251117.1  5.89  16       Tri
 79452*                   3664  45412 091514.36 +343800.2  5.98  19       UMa
 80130                          45812 092029.42 +594650.7  7.55  20       UMa
 81104                          46239 092537.88 +540057.5  7.36  21       UMa
130834                          72181 144551.17 +715758.0  7.52   6       UMi
134584                          73808 150507.29 +735330.4  7.56  10       UMi
136727                          74806 151716.82 +711240.3  7.27  12       UMi
143803                          77942 155501.06 +753427.5  6.88  17       UMi
141652x                         76695 153938.72 +795859.2  6.89  18       UMi
141652x                         76695 153938.72 +795859.2  6.89     pi.02 UMi
107161                          60088 121920.19 -085452.6  6.84  14       Vir
111397x                   4865  62541 124854.20 +140721.5  5.71  36       Vir
111397x                   4865  62541 124854.20 +140721.5  5.71  29       Com
112036                                125339.96 -090352.4  7.23  39       Vir
115466                          64834 131727.38 -103246.8  6.89  58       Vir
118511                          66465 133735.20 -075218.8  7.05  81       Vir
120235                          67355 134818.01 -065014.4  6.57  88       Vir
124248                          69403 141233.44 -095400.2  7.15  97       Vir
125817                          70220 142158.61 -015917.0  6.82 103       Vir
      N                   7539        194738.1  +271848.         11       Vul
